2510
2654
2654
2816
2985
2985
3157
3351
3550
3550
3773
4000
4000
4225
4477
4477
4724
5020
5309
5309
5633
5970
5970
6315
6703
7100
7100
7547
8000
8000
8450
8955
8955
9448
10084
10619
10619
11320
12000
12000
12631
13483
14285
14285
15189
16000
16000
16901
17910
17910
19047
20338
1673
1769
1769
1877
1990
1990
2105
2234
2366
2366
2515
2666
2666
2816
2985
2985
3149
3347
3539
3539
3755
3980
3980
4210
4469
4733
4733
5031
5333
5333
5633
5970
5970
6299
6722
7079
7079
7547
8000
8000
8421
8988
9523
9523
10126
10666
10666
11267
11940
11940
12698
13559
836
884
884
938
995
995
1052
1117
1183
1183
1257
1333
1333
1408
1492
1492
1574
1673
1769
1769
1877
1990
1990
2105
2234
2366
2366
2515
2666
2666
2816
2985
2985
3149
3361
3539
3539
3773
4000
4000
4210
4494
4761
4761
5063
5333
5333
5633
5970
5970
6349
6779
418
442
442
469
497
497
526
558
591
591
628
666
666
704
746
746
787
836
884
884
938
995
995
1052
1117
1183
1183
1257
1333
1333
1408
1492
1492
1574
1680
1769
1769
1886
2000
2000
2105
2247
2380
2380
2531
2666
2666
2816
2985
2985
3174
3389
209
221
221
234
248
248
263
279
295
295
314
333
333
352
373
373
393
418
442
442
469
497
497
526
558
591
591
628
666
666
704
746
746
787
840
884
884
943
1000
1000
1052
1123
1190
1190
1265
1333
1333
1408
1492
1492
1587
1694
104
110
110
117
124
124
131
139
147
147
157
166
166
176
186
186
196
209
221
221
234
248
248
263
279
295
295
314
333
333
352
373
373
393
420
442
442
471
500
500
526
561
595
595
632
666
666
704
746
746
793
847
52
55
55
58
62
62
65
69
73
73
78
83
83
88
93
93
98
104
110
110
117
124
124
131
139
147
147
157
166
166
176
186
186
196
210
221
221
235
250
250
263
280
297
297
316
333
333
352
373
373
396
423