00000000000000000000
00000000000000000000
00220000000000000000
00220000000000000000
00220000000000000000
00220000000000000000
00220000000000000000
00220000000000000000
00220000000000000000
00220000000000000000
00000000000000000000
00000000000000000000
00000000000000000000
00000000000000000000
00000000000000000000
00000000000000000000
00000000000000000000
00000000000000000000
00000000000000000000
00000000000000000000
00000000000000000000
00000000000000000000
00225555555500000000
00225555555500000000
00220000000000000000
00220000000000000000
00220000000000000000
00220000000000000000
00220000000000000000
00220000000000000000
00000000000000000000
00000000000000000000
00000000000000000000
00000000000000000000
00000000000000000000
00000000000000000000
00000000000000000000
00000000000000000000
00000000000000000000
00000000000000000000
00000000000000000000
00000000000000000000
00225555555500000000
00225555555500000000
00222222222200000000
00222222222200000000
00220000000000000000
00220000000000000000
00220000000000000000
00220000000000000000
00000000000000000000
00000000000000000000
00000000000000000000
00000000000000000000
00000000000000000000
00000000000000000000
00000000000000000000
00000000000000000000
00000000000000000000
00000000000000000000
00000000000000000000
00000000000000000000
00225555555500000000
00225555555500000000
00222222222200000000
00222222222200000000
00211111111000000000
00211111111000000000
00220000000000000000
00220000000000000000
00000000000000000000
00000000000000000000
00000000000000000000
00000000000000000000
00000000000000000000
00000000000000000000
00000000000000000000
00000000000000000000
00000000000000000000
00000000000000000000
00000000000000000000
00000000000000000000
00225555555500000000
00225555555500000000
00222222222200000000
00222222222200000000
00211111111000000000
00211111111000000000
00225555555500000000
00225555555500000000
00000000000000000000
00000000000000000000
00000000000000000000
00000000000000000000
00000000000000000000
00000000000000000000
00000000000000000000
00000000000000000000
00000000000000000000
00000000000000000000
00000000000000000000
00000000000000000000
00225555555500000000
00225555225500000000
00222222222200000000
00222222222200000000
00211111221000000000
00211111221000000000
00225555225500000000
00225555225500000000
00000000220000000000
00000000000000000000
00000000000000000000
00000000000000000000
00000000000000000000
00000000000000000000
00000000000000000000
00000000000000000000
00000000000000000000
00000000000000000000
00000000000000000000
00000000000000000000
00225555555500000000
00225555225500000000
00222222222200000000
00222222222200000000
00211111221000000000
00211111222000000000
00225555222500000000
00225555222500000000
00000000222000000000
00000000022000000000
00000000022000000000
00000000022000000000
00000000022000000000
00000000000000000000
00000000000000000000
00000000000000000000
00000000000000000000
00000000000000000000
00000000000000000000
00000000000000000000
00220000000000000000
00220000000000000000
00220000000000000000
00220000000000000000
00220000000000000000
00220000000000000000
00220000000000000000
00220000000000000000
00000000000000000000
00000000000000000000
00000000000000000000
00000000000000000000
00000000000000000000
00000000000000000000
00000000000000000000
00000000000000000000
00000000000000000000
00000000000000000000
00000000000000000000
00000000000000000000
00220000000000000000
00220000000000000000
00220000000000000000
00220000000000000000
00110000000000000000
00110000000000000000
00110000000000000000
00110000000000000000
00110000000000000000
00110000000000000000
00110000000000000000
00110000000000000000
00000000000000000000
00000000000000000000
00000000000000000000
00000000000000000000
00000000000000000000
00000000000000000000
00000000000000000000
00000000000000000000
00222222222200000000
00222222222200000000
00220000000000000000
00220000000000000000
00110000000000000000
00110000000000000000
00110000000000000000
00110000000000000000
00110000000000000000
00110000000000000000
00110000000000000000
00110000000000000000
00000000000000000000
00000000000000000000
00000000000000000000
00000000000000000000
00000000000000000000
00000000000000000000
00000000000000000000
00000000000000000000
00222222552200000000
00222222552200000000
00220000550000000000
00220000550000000000
00110000550000000000
00110000550000000000
00110000550000000000
00110000550000000000
00110000000000000000
00110000000000000000
00110000000000000000
00110000000000000000
00000000000000000000
00000000000000000000
00000000000000000000
00000000000000000000
00000000000000000000
00000000000000000000
00000000000000000000
00000000000000000000
00222222552200000000
00222222552200000000
00220000550000000000
00220000550000000000
00110033333333000000
00110033333333000000
00110000550000000000
00110000550000000000
00110000000000000000
00110000000000000000
00110000000000000000
00110000000000000000
00000000000000000000
00000000000000000000
00000000000000000000
00000000000000000000
00000000000000000000
00000000000000000000
00000000000000000000
00000000000000000000
00222222552200000000
00222222552200000000
00220000550000000000
00220000550000000000
00110033333333000000
00110033333333000000
00110000550000000000
00110044444444000000
00110044444444000000
00110000000000000000
00110000000000000000
00110000000000000000
00000000000000000000
00000000000000000000
00000000000000000000
00000000000000000000
00000000000000000000
00000000000000000000
